<Trait>	Daidzein	Glycitein	Genistein	Daidzin	Glycitin	Genistin	Malonyl_daidzin	Malonyl_glycitin	Malonyl_genistin	Acetyl_daidzin	Acetyl_genistin	Total_isoflavone
5237	2.03	12.04	5.4	90.96	50.77	231.7	264.5	95.79	672.52	70.56	0.89	1497.15
94Seori	5.94	14.23	6.49	251.9	28.63	308.64	585.13	56.24	775.15	81.97	1.15	2115.45
Bangsa	11.96	11.49	7.85	471.97	131.48	391.45	1238.97	237.03	971.73	113.64	3.25	3590.83
Bangsa25	3.75	10.35	4.38	195.11	66.52	237.71	580.08	118.94	679.87	78.4	1.88	1976.98
Bangsa63	3.16	9.32	3.66	178.24	62.15	206.27	536.62	104.59	596.7	70.05	2.37	1773.12
Bangsa73	4.08	9.41	4.3	189.1	48.65	211.59	540.86	124.82	582.54	70.92	2.63	1788.9
Bangsa74	4.37	9.39	4.71	197.77	66.92	219.09	526.95	110.38	567.11	71.68	2.43	1780.79
Bangsa84	6.75	12.89	6.99	287	98.4	329.49	729.16	147.12	835.82	98.93	3.13	2555.67
DB003	9.87	14.07	9.44	543.46	144.12	520.04	1320.71	264.57	1210.99	131.74	3.34	4172.35
DB004	9.87	14.21	8.68	444.59	140.3	403.61	963.76	218.32	900.88	102.9	1.14	3208.27
DB005	7.64	16.46	10.74	383.37	105.41	535.01	1017.17	192.12	1338.35	144.07	1.94	3752.29
DB006	2.62	12.99	5.31	186.96	59.92	300.15	517.97	122.69	816.83	86.18	1.2	2112.82
DB007	2.89	15.86	6.57	175.82	77.98	347.49	462.62	139.46	939.83	98.52	1.61	2268.64
DB008	3.18	16.76	6.99	206.23	91.61	463.05	590.28	160.27	1216.61	130.31	2.24	2887.52
DB009	2.32	12.54	4.33	154.24	65.42	239.31	437.16	130.89	675.25	75.27	1.09	1797.8
DB010	2.08	11.62	4.26	135.33	74.63	243.54	391.27	129.16	662.24	71.22	1.1	1726.45
DB016	9.01	15.96	10.8	556.89	102.58	581.96	1231.06	149.99	1282.96	135.8	2.03	4079.06
DB019	12.08	15.88	11.1	549.13	107.12	524.78	1231.89	176.81	1211.55	135.76	2.54	3978.63
DB024	8.34	13.8	7.43	402.08	93.51	377.9	927.48	145.94	915.45	104.48	2.24	2998.66
DB026	4.54	12.9	7.22	316.32	231.22	437.57	736.82	393.29	968.48	112.89	3.39	3224.63
DB027	9.61	11.42	11.28	381.48	176.95	471.42	810.62	281.7	1026.52	112.28	4.55	3297.82
DB029	9.38	17	10.52	565.24	119.5	590.28	1288.55	195.32	1334.88	142.88	1.56	4275.12
DB030	15.55	17.23	14.35	603.13	118.87	562.92	1323.51	207.4	1269.35	138.07	1.99	4272.38
DB031	8.29	13.14	10.89	515.95	134.16	533.71	1127.57	190.63	1165.35	125.01	1.36	3826.05
DB033	7.63	15.3	9.16	538.46	100.02	534.44	1297.78	176.35	1304.83	144.61	2.14	4130.71
DB034	14.83	16.06	12.14	866.08	270.94	620.38	2254.16	510.91	1510.84	173.65	4.3	6254.31
DB035	8.67	18.88	9.71	608.66	103.1	639.35	1548.26	191.94	1579.12	165.75	1.25	4874.69
DB036	3.36	10.55	4.01	201.1	165.33	274.87	536.81	297.29	682.35	84.18	3.19	2263.05
DB037	3.25	9.72	3.94	212.57	153.04	282.46	579.3	281.17	686.53	76.69	2.65	2291.3
DB038	3.94	10.28	4.4	208.61	176.42	282.44	517.72	324.19	655.44	85.92	3.54	2272.92
DB039	3.34	11.84	4.59	206.11	149.47	317.57	499.16	250.66	763.16	93.18	3.04	2302.12
DB040	5.01	15.88	5.73	262.98	164.89	422.05	615.35	268.23	950.31	111.45	5.04	2826.91
DB041	3.24	13.09	3.76	200.77	131.81	337.16	531.53	243.95	841.45	93.68	2.92	2403.36
DB044	7.92	17.3	9.53	464.37	253.33	642.25	1076.1	431.44	1376.91	151.12	4.85	4435.12
DB045	4.86	15.23	5.51	327.95	186.3	490.65	816.34	321.77	1139.17	124.49	3.83	3436.09
DB046	5.53	14.74	7.39	373.1	185.56	533.09	1045.41	328.47	1437.71	157.36	3.89	4092.26
DB049	4.59	16.45	6.5	359.26	245.05	543.39	1017.76	431.73	1389.3	149.89	4.76	4168.66
DB050	8.69	16.84	9.01	420.21	265.32	550.81	1200.46	512.13	1449.16	156.69	7.43	4596.74
DB051	5.9	13.3	5.68	425.92	352.5	473.52	1237.69	681.26	1217.92	134.67	6.39	4554.75
DB054	5.96	14.72	5.87	396.08	235.7	464.57	992.54	458.9	1134.9	134.12	4.05	3847.43
DB056	5.94	13.64	5.45	368.19	218.72	391	1060.21	436	1079.64	124.04	3.83	3706.66
DB059	5.86	15.47	5.99	368.15	96.97	503.5	936.88	170.05	1223.56	133.75	2.29	3462.47
DB060	2.17	13.18	2.62	184.93	104.82	271.5	525.83	226.92	757.56	94.24	2.54	2186.32
DB061	7.23	18.14	8.03	444.89	157.69	611.26	1089.46	286.81	1536.7	174.7	3.96	4338.86
DB062	4.43	11.65	5.5	216.73	127.69	295.45	588.37	240.5	753.69	84.25	3.29	2331.55
DB063	3.3	10.14	3.7	177	90.8	230.11	463.05	164.75	577.66	67.99	2.37	1790.87
DB064	1.53	10.02	3.37	132.46	58.21	248.25	379.31	118.1	675.86	72.28	2.16	1701.56
DB065	8.04	12.21	9.35	328.63	192.8	450.51	673.14	229.57	936.76	105.23	4.64	2950.88
DB067	8.34	14.06	6.72	585.25	222.44	448.17	1429.91	451.72	1071.79	129.05	4.6	4372.05
DB068	8.82	9.04	5.78	333.33	102.52	290.64	762.6	200.43	617.96	70.51	3.17	2404.79
DB072	5.18	17.52	4.76	269.36	84.46	366.19	735.01	149.98	979.02	117.76	3.09	2732.33
DB073	2.78	12.26	3.45	158.67	52.59	237.89	404.81	94.93	599.46	80.03	3.48	1650.34
DB074	6.53	17.83	7.54	339.91	68.53	478.31	858.76	130.3	1211.43	142.16	1.97	3263.26
DB076	4.82	14.68	5.35	285.02	90.49	357.76	777.79	171.88	992.78	116.33	1.75	2818.64
DB078	6.05	12.64	5.01	273.81	84.31	307.82	656.24	157.13	796.94	86.09	2.39	2388.43
DB079	3.56	11.24	3.67	175.74	61.81	240.86	412.36	112.03	603.24	66.71	1.52	1692.72
DB080	3.72	13.49	3.62	217.97	66.56	272.88	602.25	111.93	742.69	88.68	2.29	2126.07
DB085	4.02	10.86	4.42	237.54	134.18	361.94	621.21	222.21	861.28	97.2	2.49	2557.35
DB086	4.66	16.11	5.08	342.85	152.4	449.25	901.41	249.66	1167.77	128.21	2.57	3419.97
DB087	11.04	26.45	13.79	596.84	77.69	886.37	1499.36	107.68	2251.61	233.7	3.84	5708.37
DB088	12.36	30.4	14.45	758.34	129.34	971.97	2002.47	168.69	2628.58	271.71	4.75	6993.06
DB089	13.99	29.29	14.45	755.78	147.77	1097.23	2010.76	236.28	2358.45	270.76	5.02	6939.78
DB090	5.41	15.81	5.38	277.54	233.67	452.6	643.63	341.54	997.7	116.39	4.99	3094.65
DB091	18.89	14.49	8.5	287.11	207.18	451.32	658.2	300.09	1035.38	121.69	3.89	3106.75
DB092	4.18	15.2	6.31	275.16	204.07	444.31	716.85	329.45	1106.73	128.95	4.05	3235.26
DB093	3.53	13.55	5.03	272.13	214.41	416.29	778.13	399.45	1034.81	112.22	4.02	3253.57
DP009	5.11	18.15	4.74	292.17	117.99	413.05	723.61	229.45	1018.11	113.73	3.75	2939.85
DP012	7.06	15.42	6.46	375.48	138.78	448.61	863.55	256.19	1016.94	113.93	4.31	3246.73
DP027	2.43	16.16	5.02	274.99	165.09	437.76	649.01	265.75	1061.7	121.67	3.11	3002.69
DP028	6.2	17.82	6.03	258.59	150.42	425.01	579.43	235.45	1004.47	115.92	5.06	2804.41
DP029	7.59	18.54	7.88	322.32	144.21	467.93	820.28	281.04	1216.61	124.85	3.31	3414.55
DP046	4.78	20.2	5.54	284.39	112.17	447.77	700.81	223.17	1111.38	127.58	3.56	3041.36
DP048	3.26	19.46	6.11	356.92	194.42	545.09	920.35	325.01	1382.88	155.59	2.54	3911.63
DP051	4.1	16.47	6.51	368.42	169.9	505.69	877.44	281.78	1217.32	135.34	2.86	3585.84
DP052	2.59	15.81	4.82	276.98	150.38	451.42	700.68	251.22	1130.48	127.28	2.22	3113.9
DP053	2.83	16.47	4.8	264.43	144.23	419.83	686.42	245.26	1054.53	121.92	2.5	2963.23
DP054	4.18	18.05	6.74	344.62	233.49	539.48	836.75	370.53	1239.6	137.4	3.24	3734.09
DP055	7.33	19.94	7.96	426.29	206.15	542.68	1046.23	328.87	1357.89	148.41	3.81	4095.58
DP056	6.36	20.41	6.29	377.33	157.45	507.46	991.78	259.83	1349.32	145.6	3.15	3824.97
DP057	3.81	17.27	7.14	375.27	153.94	539.82	966.63	258.94	1402.54	154.46	2.39	3882.21
DP059	6.9	19.91	8.34	373.73	199.83	529.38	978.11	351.83	1406.96	152.79	3.94	4031.73
DP060	7.14	20.37	8.21	376.87	156.87	504.59	934.84	278	1309.59	142.33	3.62	3742.44
DP061	5.61	17.26	8.42	364.56	147.47	488.7	926.06	253.89	1272.05	139.27	2.85	3626.13
DP062	4.76	22.44	5.95	354.91	170.2	535.37	926.62	310.04	1382.81	151.69	3.86	3868.65
DP079	6.46	20.85	9.5	463.62	214.27	670.55	1152.34	305.71	1607.9	181.93	4.35	4637.49
DP080	6.51	22.48	12.86	428.42	183.47	761.45	998.28	254.26	1744.02	189.93	4.09	4605.77
DP081	6.19	20.28	11.34	450.45	226.53	709.15	1113.32	344.24	1642.11	178.51	4.91	4707.03
DP083	7.76	22.58	12.77	539.65	229.45	851.73	1234.14	327.98	1876.79	200.27	4.43	5307.55
DP084	6.92	20.8	11.93	451.58	218.32	731.14	1099.07	315.29	1678	187.72	3.86	4724.65
DP085	7.63	16.48	10.8	370	211.02	563.64	905.26	300.49	1371.29	157.74	5.52	3919.88
DP086	5.09	16.25	6.99	351.53	146.29	460.56	893.43	241.77	1162.37	129.05	2.74	3416.07
DP087	6.12	11.48	7.04	217.54	147.96	301.11	541.56	236.83	749.96	94.37	4.6	2318.55
DP090	5.28	15.84	11.09	346.35	161.46	533.38	942.42	255.42	1416.82	153.43	3.32	3844.82
DP091	5.27	17.11	8.13	328.49	144.2	493.6	924.15	250.01	1366.32	149.77	2.71	3689.75
DP092	9.5	19.79	13.23	417.09	244.45	662.01	1068.38	431.44	1695.83	188.51	6.64	4756.86
DP093	3.86	12.17	9.22	190.39	102.81	321.37	539.01	200.14	887.19	92.74	2.62	2361.54
DP094	3.1	13.89	5.12	169.59	137.87	280.59	459.64	237.46	817.85	97.44	2.81	2225.36
DP095	3.33	14.87	7.44	230.19	107.45	399.08	619.52	186.38	1081.11	133.97	2.27	2785.61
DP097	3.98	17.52	8.71	285.03	207.27	535.14	780.58	337.91	1357.86	142.88	4.73	3681.61
DP106	14.08	22.44	14.61	761.16	137.84	810.2	1954.41	243.14	2111.05	219.59	4.79	6293.3
DP111	8.02	20.29	13.66	572.31	277.94	768.5	1321.97	392.05	1674.4	185.76	4.05	5238.94
DP114	7.19	20.72	14.65	568.8	219.6	849.4	1314.61	322.13	1866.42	200.02	3.75	5387.29
DP117	4.55	13.44	7.43	388.93	254.01	504.97	950.15	457.08	1200.62	132.57	3.61	3917.34
DP120	5.15	17.46	12.49	358.99	185.96	509.14	917.85	316.81	1261.71	148.31	3.54	3737.41
DP121	4.27	16.21	7.31	291.45	192.5	424.88	809.57	329.1	1132.21	133.32	3.21	3344.03
DP127	10.53	19.51	15.17	546.84	348.86	723.8	1312.03	520.77	1611.65	171.33	6.2	5286.67
DP129	4.09	15.2	6.29	342.22	217.11	448.87	871.85	424.38	1066.59	120.46	3.59	3520.66
DP131	6.25	16.59	8.51	500.21	191.9	606.03	1342.76	404.03	1618.59	171.29	3.03	4869.19
DP132	4.57	13.18	7	370.17	240.73	469.96	954.62	454.82	1234.42	130.46	3.56	3883.49
DP140	3.37	14.8	4.91	214.89	141.85	337.25	625.56	262.22	903.7	109.82	2.83	2621.19
DP152	6.36	18.61	12.2	394.07	219.98	611.13	949.84	337.45	1523.96	153.86	2.6	4230.06
DP172	9.79	23.94	15.34	492.78	129.49	640.05	1512.86	301.14	1957.58	197.67	3.74	5284.38
DP178	3.41	17.52	10.17	132.81	63.99	334.61	363.51	113.9	959.73	98.61	1.91	2100.18
DP179	3.55	15.73	6.09	191.8	75.88	287.35	659.06	181.8	986.86	102.94	1.36	2512.43
DP183	7.95	24.5	13.89	577.02	268.37	877.92	1494.39	523.94	2185.03	234.48	3.76	6211.26
DP184	6.31	13.6	8.54	315.62	189.89	433.21	773.76	330.47	1074.61	111.08	3.88	3260.97
DP190	2.78	17.33	10.51	199.71	125.82	469.35	530.94	224.92	1325.6	132.07	3	3042.02
DP192	8.79	17.21	11.63	397.33	125.18	535.5	1016.15	239.77	1274.6	139.96	3.27	3769.39
DP200	6.1	17.95	9.77	421.11	224.63	618.19	1016.89	377.25	1479.38	161.05	4.22	4336.52
Danbeak	4.35	5.61	3.64	203.53	204.69	256.13	821.73	482.51	869.87	94.14	5.42	2951.64
Deapoong	23.26	16.66	22.35	521.21	184.05	703.73	969.68	277.63	1361.71	144.19	6.24	4230.71
H1	15.11	23.56	17.04	501.98	47.26	787.77	1164.21	22.98	1759.36	183.1	3.21	4525.57
H10	6.97	13.27	10.72	281.76	78.07	380.06	741.17	161.59	979.17	105.14	2.08	2760
H11	6.43	15.24	11.79	271.2	60.48	480.67	767.23	136.27	1273.81	130.14	3.05	3156.3
H12	4.89	12.76	9.04	197.52	52.37	352.91	526.16	111.42	931.76	96.72	2.1	2297.64
H13	7.22	10.2	10.22	227.09	91.17	342.14	534.96	170	773.76	81	2.77	2250.53
H14	5.01	10.16	6.34	203.86	59.05	277.78	581.42	139.87	759.89	81.08	1.66	2126.12
H15	3.43	11.98	9.28	153.14	59.32	320.32	454.6	127.64	872.86	96.09	2.91	2111.57
H17	6.82	12.15	7.94	290.2	115.27	335.8	779.24	235.61	884.7	96.89	3.37	2767.99
H18	2.4	12.47	6.17	139.78	38.86	268.31	437.8	90.36	783.43	79.83	1.69	1861.12
H19	6.9	13.45	7.98	344.68	82.87	388.41	913.44	179.4	1019.59	111.04	2.39	3070.15
H2	7.33	12.33	6.42	314.17	179.97	322.24	868.1	349.78	871.78	101.08	4.49	3037.68
H20	3.06	12.7	7.37	163.3	34.41	315.4	474.47	120.81	840.71	86.78	1.92	2060.93
H23	5.83	16.07	7.35	332.68	69.08	431.15	910.7	146.79	1162.35	124.62	2.48	3209.12
H24	4.22	12.17	8.08	162.45	41.18	315.09	422.95	82.73	791.08	81.81	1.72	1923.47
H25	4.38	12.57	7.34	167.12	41.28	314.57	413.08	85.65	796.19	79.91	1.76	1923.83
H25_165	3.03	10.92	5.72	192.01	36.62	300.05	589.78	71.86	890.96	94.46	1.55	2196.98
H25_78	2.49	12.59	5.18	122.82	25.15	282.75	421.72	72.11	872.63	91.25	1.43	1910.12
H27	6.24	13.64	8.67	272.88	116.67	349.35	731.41	255.01	906.11	96.16	3.56	2759.7
H28	2.55	10.86	5.05	138.74	52.57	262.17	432.89	115.21	723.19	77.53	1.98	1822.73
H29	4.4	13.6	7.52	188.58	56.71	370.88	527.97	116.34	1019.76	104.55	2.42	2412.74
H3	2.4	11.84	5.03	138.38	43.62	254.6	444.51	102.35	785.17	81.02	1.26	1870.18
H30	4	16.02	10.59	208.48	70.24	430.96	574.71	153.6	1172.03	122.81	2.66	2766.1
H31	4.64	13.79	8.25	249.51	230.11	405.7	736.09	456.05	1071.02	122	4.56	3301.72
H33	2.63	11.08	6.37	125.17	51.63	257.21	386.91	112.64	740.49	79.36	1.94	1775.42
H34	3.64	13.88	8.3	201.43	63.5	334.4	623.81	154.44	1028.01	105.59	2.71	2539.71
H36	1.33	11.38	3.42	88.15	20.83	218.59	311.83	39.34	712.74	71.9	1.31	1480.83
H37	4.6	16.34	6.09	343.17	102.71	383.4	1188.6	234.03	1321.85	145.97	2.34	3749.11
H38	5.74	17.02	9.57	380.49	121.36	422.15	1218.6	258.85	1345.53	148.07	2.59	3929.97
H39	3.38	13.06	6.94	164.27	41.54	321.76	501.71	93.56	951.84	97.55	1.56	2197.17
H4	3.01	12.58	6.3	143.78	44.45	276.56	435.5	100.95	786.16	79.98	1.39	1890.66
H40	4.44	15.65	9.28	233.87	46.77	426.68	793.97	117.99	1343.3	134.58	1.83	3128.36
H41	3.01	12.75	6.37	172.41	73.47	301.43	546.98	172.14	884.83	93.2	2.25	2268.84
H42	3.14	12.92	5.83	226.54	65.17	312.76	691.1	136.6	957.05	103.94	1.49	2516.55
H43	3.4	14.81	8.67	178.85	56.89	395.59	530.56	116.37	1178.95	122.48	1.53	2608.09
H44	6.14	13.46	5.65	317.17	129.74	353.33	953.22	323.97	1051.71	116.9	3.3	3274.6
H45	3.39	11.16	5.63	140.59	54.38	214.66	488.55	130.89	684.07	73.92	1.38	1808.62
H46	3.57	9.55	3.74	192.79	111.06	224.52	560.61	240.6	628.61	68.98	2.6	2046.62
H47	3.19	11.64	5.66	162.72	61.99	252.14	520.79	149.75	766.29	77.97	1.56	2013.7
H49	3.35	12.08	5.36	192.3	71.98	281.93	615.83	177.74	842.48	85.47	1.79	2290.31
H5	5.05	13.18	6.83	262.45	93.28	343.82	707.42	184.59	942.97	102.48	3.18	2665.25
H50	2.43	10.61	4.52	128.72	47.5	210.46	430.49	110.78	636.13	67.31	1.32	1650.28
H6	8.02	11.06	7.13	296.39	155.31	292.8	773.41	297.63	740.74	85.98	4.56	2673.03
H8	6.38	14.51	9.52	264.41	126.2	350.8	678.66	261.46	870.83	96.97	3.04	2682.78
H9	4.15	12.53	7.57	203.81	84.2	335.7	549.8	167.23	851.77	92.72	3.03	2312.52
Hwangeum	4.51	12.21	8.87	198.38	64.83	363.52	532.81	134.9	922.68	97.71	2.26	2342.68
JoseangSeori	7.47	19.26	8.99	386.38	89.38	590.56	958.37	139.41	1437.57	148.73	2.22	3788.34
JoseangSeoriD1	6.52	10.46	4.71	215.97	47.05	242.12	518.03	81.62	634.25	68.13	3.04	1831.91
JoseangSeoriD2	6.43	11.34	6.59	167.17	52.83	229.74	437.29	91.9	640.18	65.79	2.34	1711.6
JoseangSeorismall	7.75	17.2	12.97	282.2	91.51	512.5	631.91	147.5	1194.34	124.24	1.75	3023.89
KAS36022	7.89	7.55	5.25	161.72	69.45	189.43	510.08	162.39	510.2	53.37	7.27	1684.59
PD01	12.08	7.66	11.89	193.56	128.75	267.37	398.21	178.69	555.99	53.79	5.55	1813.54
PD02	9.78	9.87	7.94	246.22	89.52	253.2	537.99	137.76	608.03	62.9	2.24	1965.46
PD03	11.99	10.36	9.78	274.83	69.32	277.97	601.61	104.91	658.29	66.82	2.58	2088.45
PD04	10.73	7.41	9.48	241.15	89.68	236.77	512.23	140.31	540.17	56.27	1.98	1846.18
PD05	10.1	11.03	8.8	246.45	70.33	278.64	601.91	117.95	707.83	70.63	2.65	2126.32
PD06	15.45	8.2	12.29	209.12	71.43	211.67	426.24	108.48	468.33	46.38	3.02	1580.62
PD07	11.48	6.2	6.31	148.87	64.85	119.38	291.75	98.74	256.15	26.89	2.31	1032.95
PI01	6.52	8.94	6.39	301.33	344.58	305.24	758.05	484.37	724.33	80.9	5.77	3026.43
PI02	5.53	10.51	5.32	246.63	115.97	294.04	558.06	170.93	711.8	70.36	2.26	2191.4
PI03	7.91	11.56	8.53	307.16	146.42	421.51	737.28	250.68	975.18	101.79	6.17	2974.19
PI04	8.72	11.27	9.1	316.69	148.41	345.02	772.52	239	911.69	97.2	5.32	2864.95
PI05	6.71	10.73	6.74	255.98	119.35	318.32	682.55	221.95	904.99	97.46	3.61	2628.4
PI06	4.96	11.95	5.98	180.59	60.49	242.84	506.15	116.65	698.23	73.99	1.94	1903.77
PI07	5.4	13.73	6.47	255.93	78.7	363.77	750.47	160.13	1138.63	119.31	1.16	2893.69
Paldal	9.84	18.99	8.91	535.04	102.78	487.2	1265.4	187.67	1239.65	150.51	3.09	4009.09
Ru4	2.29	12.97	5.27	129.46	74.81	265.93	360.11	132.95	763.34	80.55	1.44	1829.1
Wonhyun	16.89	11.87	15.62	279.65	98.32	331.37	557.45	141.45	676.14	66.83	5.25	2200.86
Wonyeul	3.8	13.32	7.08	175.73	44.43	317.56	456.29	98.34	843.11	85.99	1.84	2047.49
