<PCA>								
<ID>	PC1	PC2	PC3	PC4	PC5	PC6	PC7	PC8
5237	17.379347	-24.325224	28.53096	12.545838	-21.814785	-19.414787	-21.050922	2.9979248
94Seori	14.812084	-18.378826	-1.0473148	-4.84423	-0.20344238	8.107533	1.8626696	3.9822583
Bangsa	-6.937437	-0.9791581	-6.1540375	12.580733	-2.6571279	4.879934	-5.707561	4.8196115
Bangsa25	20.151064	-24.85218	20.07806	31.85598	-6.0753317	6.6802244	33.6832	-0.62743765
Bangsa63	15.119343	-18.934715	14.388037	23.12997	-4.3565674	5.8884377	24.18866	-2.3116896
Bangsa73	20.038036	-24.425356	19.659832	31.528307	-6.0158386	6.8445635	33.526505	-0.68837935
Bangsa74	20.227411	-25.09568	20.150444	32.306305	-6.1648297	6.6401	34.10696	-0.46614364
Bangsa84	20.385132	-24.876877	20.142517	32.148514	-6.120613	6.8669577	34.01345	-0.57699347
DB003	7.112868	-12.164431	34.39399	-11.208114	-16.455927	-10.082992	-16.77656	5.453592
DB004	6.872239	-13.546271	36.135326	-7.4378076	-15.418722	-11.717391	-16.764265	3.856413
DB005	5.4472837	-11.931004	33.969967	-11.786726	-14.993166	-7.8937454	-16.102093	6.622472
DB006	5.149171	-10.370774	26.769663	-8.498181	-11.713219	-6.908472	-12.453037	2.7814884
DB007	-9.204057	2.594325	15.208806	-22.570068	4.336882	6.8795958	5.3897686	2.0694373
DB008	-10.940031	3.4709482	16.123245	-25.180817	4.2640743	9.344183	7.9099298	3.6274936
DB009	-10.056609	3.217357	17.82531	-25.743347	3.2480648	10.577724	5.2107882	4.1528897
DB010	-6.522652	2.6583643	12.463373	-18.165552	5.2603846	3.7426527	5.183675	1.4612627
DB016	-7.79318	2.0659223	13.512205	-20.088448	3.842469	5.828523	5.1911016	0.3969314
DB019	-13.236047	4.1449504	18.396973	-28.354715	4.6006303	10.554095	9.118935	5.660803
DB024	-4.4872704	0.881564	10.142796	-14.462261	1.8992075	7.7949147	2.240947	-1.2968472
DB026	-4.805348	1.7343277	10.129049	-14.408264	4.3527308	3.53975	3.7845109	-0.02551883
DB027	-3.7739425	2.1562204	13.280318	-18.736984	5.154402	3.995258	4.8511715	5.759486
DB029	-8.894788	1.9091477	15.863777	-24.086786	5.5674396	8.33559	8.198842	2.1781282
DB030	-11.294234	2.9037132	18.567923	-28.257803	7.0699396	8.37258	10.575285	4.9249353
DB031	-11.482585	0.6844806	17.02072	-25.445797	5.2501435	9.963992	8.127524	9.875564
DB033	-5.112434	0.7629936	12.95813	-18.634893	3.2523313	9.068765	4.7736893	2.3237555
DB034	-8.342515	2.4447927	18.343916	-27.005215	4.738004	10.405245	8.186858	6.8479137
DB035	-2.8742113	-0.7975068	6.3523746	-8.885582	2.121236	4.2117524	2.0784473	-3.315826
DB036	-23.1858	3.7498093	-4.2476034	1.0716732	0.2745738	-1.0170283	4.813604	-10.101461
DB037	-12.526421	1.3932317	-1.8076079	0.5181055	0.55998284	1.2236072	1.5771347	-7.9153323
DB038	-15.769209	2.0576365	-2.3746855	0.53647363	0.32396042	0.78161794	2.7606063	-9.893361
DB039	-18.185	2.3719068	-2.6030362	0.6127457	0.5107152	1.0205356	3.2557666	-10.525981
DB040	-29.462393	4.447862	-4.808133	1.0728071	0.72068423	-1.7016293	5.971649	-10.730528
DB041	-26.001823	3.5896816	-3.54385	-0.73913133	0.5591039	-1.1702819	5.456481	-14.491356
DB044	-27.166723	5.1256456	-3.2479527	-0.7830419	1.1055177	-3.8413956	6.7328424	-13.171552
DB045	-27.599022	4.2421665	-3.5057783	-0.06901665	0.75047404	-3.5144732	6.222993	-14.378633
DB046	-23.132072	3.8129127	0.19931488	-3.6529183	1.1286519	-3.1863284	3.393198	-6.795196
DB049	-29.07671	5.2201004	-0.26040646	-4.5293427	0.8672222	-6.0037127	5.476109	-7.0089912
DB050	-25.031073	4.9063945	-1.2818859	-1.8043423	1.2775095	-3.6669016	3.2947226	-4.2684355
DB051	-27.50531	4.038197	-1.2755998	-3.1166203	-0.59004873	-3.6785061	5.0627007	-6.289916
DB054	-26.181374	3.9242628	-6.7444215	8.634235	-1.859713	4.111198	-3.6295643	-0.30086812
DB056	-28.174417	5.752418	-5.8850746	4.1658893	-1.8025618	0.91286415	-1.2248085	0.6665134
DB059	6.263555	-11.479098	8.848378	9.322191	-3.4025674	19.45588	-8.563849	1.1355637
DB060	-15.261296	0.70254654	-4.2428308	5.2862163	-2.281442	16.2162	-8.175162	-1.2305245
DB061	-16.437168	1.1966711	-1.5909802	2.525433	-2.6795373	15.530702	-6.219126	-0.15385164
DB062	-14.191387	0.9162717	-5.3010983	4.4626136	-2.6436415	10.925596	-5.1546726	-4.9068174
DB063	-18.68235	3.4594812	-6.058401	6.457633	-2.2471259	12.301381	-5.5718594	-4.514595
DB064	-10.617202	0.142255	-4.5548267	5.6949773	-1.9700994	12.690748	-5.490434	-4.8726573
DB065	-0.3781755	-7.5087986	-5.081661	9.377432	-1.8286563	15.591428	-7.039639	0.48186895
DB067	-8.822248	-1.549351	-2.4841423	3.7728055	-2.7301884	15.089501	-4.9629297	-0.23587136
DB068	-2.20035	-3.7831218	-2.7094457	6.4886284	-1.7829311	18.135418	-8.572142	-1.1488792
DB072	0.5922382	-3.7818515	-1.6172304	1.9546853	-1.2270894	11.8440485	-8.288909	-5.054919
DB073	2.009521	-3.8977845	-0.65975606	1.4056925	-0.94432914	8.171071	-5.5008035	-5.590139
DB074	1.7522049	-4.1870174	0.1633521	1.5429939	-1.2701024	9.740701	-6.263984	-4.897009
DB076	-1.6962463	-4.958202	-4.092583	6.829367	-0.6255131	31.258553	-17.323458	0.6556264
DB078	-2.863361	-4.5305204	-3.8348634	6.159987	-0.885009	32.380413	-18.986113	-0.90614325
DB079	0.35688573	-3.6997511	-1.0953057	2.8975675	-1.155269	13.892274	-8.267254	-5.620429
DB080	-2.8828962	-4.302903	-4.6326666	6.5744033	-1.5308907	31.784199	-17.187147	2.0900235
DB085	-14.350521	2.0974402	-6.1477585	6.134909	-0.9938751	2.7124527	-1.3807702	-5.293821
DB086	3.5563898	-6.294297	-0.70856345	0.68369454	0.97092575	10.454113	-9.485976	-4.638197
DB087	2.97927	-4.9335976	0.12550929	0.5400923	-0.02308891	7.5889435	-6.9400353	-5.9207683
DB088	2.3984876	-3.7081697	0.73010623	-0.59721273	-0.14810401	5.9144635	-4.892739	-6.348547
DB089	2.883663	-3.86382	0.27641723	-0.17854808	-0.10955345	7.358366	-5.7309904	-6.7584805
DB090	-23.706419	5.6532364	-3.5755534	2.715393	1.6684464	-4.166011	2.6484034	-0.6051901
DB091	-9.201675	1.5567359	-1.1828719	0.6578641	0.89886713	0.047646392	0.08637751	-5.15984
DB092	-19.420702	4.665632	-3.204137	2.3133159	1.5081723	-2.546034	1.941795	-3.056923
DB093	-5.4435453	-0.15457919	0.37214503	-0.29465696	0.539604	1.5756818	-0.622882	-5.327813
DP009	-16.34319	1.9966009	-2.5892022	2.992675	-0.8977258	3.5632808	-3.3239782	-0.43438888
DP012	-15.51915	1.5573858	-2.5983176	3.1411347	-0.8283877	3.393657	-3.479602	-0.83124715
DP027	-10.218517	0.29090074	-1.585216	2.113138	-0.32705835	3.0784347	-1.4122044	-2.5832713
DP028	-26.599669	3.6303473	-5.2963195	7.275434	-1.2077073	1.9885048	-1.0973449	4.215682
DP029	-10.337881	0.6132741	1.6911908	-2.153824	0.49280798	2.9876	-2.0665305	-2.2405818
DP046	-19.901524	2.1462402	-5.8108225	7.468813	-0.491009	3.1670673	-3.0060952	1.4541059
DP048	-11.421132	1.6050903	-3.53588	3.8972006	-0.78941816	0.8176268	-0.84802306	6.2447696
DP051	-27.218699	5.0220704	-8.834794	10.197022	-1.2963015	-2.0869231	-0.5350019	21.60199
DP052	-30.205437	6.5330086	-8.508145	9.724481	-1.6799426	0.046648	-0.69345087	22.5225
DP053	-30.222078	5.35457	-8.884917	10.584574	-2.6932046	-0.38261324	-1.6536039	21.689306
DP054	-23.866037	5.557655	-4.6322317	3.6066656	0.68620545	-4.009324	1.8006473	8.411904
DP055	-29.701662	6.848579	-6.0939207	6.823047	-0.013682031	-4.260377	1.3158389	27.310421
DP056	-29.552988	7.0973887	-6.1607084	7.2083726	0.15094152	-4.4590364	1.6961403	27.21177
DP057	-29.860846	7.15058	-6.196027	6.943331	-0.48912856	-3.5809755	1.2417345	27.534277
DP059	-20.944752	4.938943	-4.1846824	4.836017	0.2817031	-1.2510625	0.7459176	17.604156
DP060	-29.529789	7.3740726	-5.915398	6.5920343	-0.19634415	-4.6417375	1.846224	27.276875
DP061	-29.896719	7.5633335	-5.8129845	6.454923	-0.26748398	-4.840681	2.1087918	27.848557
DP062	-29.19033	6.1517816	-7.4669104	7.964873	-1.368986	-2.131008	0.36366403	20.170874
DP079	-27.593119	4.8646474	-7.0792103	5.8215218	0.41147068	-8.320363	2.2694595	-4.318861
DP080	-31.71845	5.5516376	-5.6087174	3.8433397	0.4417399	-9.475595	3.8235314	-4.885642
DP081	-31.030073	7.1682262	-4.406375	1.4770969	0.4769676	-12.201906	4.061456	-6.568977
DP083	-31.520828	5.9731054	-4.989831	2.6915953	0.92829955	-10.658182	4.3890753	-3.8999438
DP084	-14.826298	2.0431974	-1.7452887	1.3278927	0.6001344	-3.8481023	0.8730969	-6.049395
DP085	-29.561909	6.366162	-4.1404347	1.7065626	-0.38900733	-10.087739	2.0550125	-10.25811
DP086	-22.31217	3.2005873	-4.8666654	4.9041996	-2.7001112	-5.531078	-2.3420072	-9.971489
DP087	-7.786305	2.0238962	1.0734085	3.7446344	-1.8115293	-3.763481	1.6386395	-2.8775532
DP090	-22.640444	3.6007004	-3.044989	3.721569	-1.3848624	-5.956013	-1.3555622	-9.303141
DP091	-20.909338	3.142953	-2.9382246	3.5782335	-1.4246757	-5.0348687	-1.5943105	-9.439497
DP092	-21.636023	0.84451306	1.4319094	6.753663	-7.640508	-15.9439745	-6.5347557	-8.94721
DP093	-16.958136	-2.0612411	6.420366	4.796294	-8.924697	-14.765844	-8.46374	-4.871729
DP094	-7.263284	-6.306358	7.8752093	4.98168	-9.617627	-9.420177	-9.684613	-3.1571748
DP095	-12.370843	-8.971847	14.632853	6.8712463	-14.525107	-20.76746	-13.415639	-1.6338022
DP097	-17.582092	2.464431	-3.057729	3.356324	-1.2976445	-4.400847	-0.55865985	-8.054396
DP106	-1.3655937	-3.2557611	4.632107	6.6248155	-1.5867374	-2.9586008	6.206152	-2.621844
DP111	-27.914114	5.405257	-1.9122901	-3.002532	3.315527	-10.118668	7.342359	-4.0230975
DP114	-29.063763	5.9255977	-1.4659499	-3.0340533	3.8510249	-9.576934	7.4823303	0.45192918
DP117	-20.738642	4.425899	-1.2063774	-2.456482	1.9060366	-6.677452	5.1835165	-4.756169
DP120	-24.620829	3.3569643	-6.7422876	6.5975585	-2.1096654	-5.4604096	-0.19948925	-8.788479
DP121	-7.9819393	0.7326686	-1.8021048	1.6859459	-0.5990741	0.24032721	-0.99548393	-7.5575576
DP127	-8.008667	-0.111964405	0.34800833	-0.8509766	1.1034049	-1.3041464	0.631294	-6.5100894
DP129	-6.929179	-0.09560804	0.7081377	-0.3026602	1.0839499	0.08350967	-0.5483927	-7.6619883
DP131	-11.06977	0.577532	-0.27371463	-0.07334879	1.7390355	-2.6141124	0.3613341	-7.0084
DP132	-13.12781	1.3822712	-0.78108513	0.10654913	-0.24469948	-2.143735	0.3443523	-5.2440577
DP140	-21.434809	1.6436906	-6.3634667	8.424588	-1.4535998	-1.7112964	-2.153775	-4.5594835
DP152	-12.078641	-1.1859103	4.570584	-9.044675	4.9948697	-4.877275	10.075605	-4.612572
DP172	2.8928766	-4.6350923	1.9967824	-2.851351	0.8046538	1.0447102	-2.3882833	-7.014736
DP178	8.97497	-15.070955	12.651601	6.187775	-7.556566	-7.9318085	-10.885569	-0.7349992
DP179	11.654162	-20.378454	17.442652	6.279002	-12.736991	-10.583064	-13.970528	0.25497624
DP183	-4.768303	5.0631166	3.6961076	-4.854943	4.7401667	-4.3102427	3.8211021	-2.9238927
DP184	-3.208949	-2.0319688	7.082705	-2.0918906	2.1830347	-5.731213	3.6786084	-0.058152378
DP190	-4.6600094	1.0144321	11.012233	-4.1102185	-4.1078444	-11.060432	-0.68765247	2.130497
DP192	-5.092936	-4.848167	10.690443	-3.9044154	-2.8884394	-8.304487	-1.729028	-3.4266837
DP200	-27.770124	7.931331	6.5327954	-14.265286	3.289324	-9.375738	10.405255	-0.37474898
Danbeak	-18.87353	-0.35789847	-17.184881	23.097607	-5.978678	11.73187	-12.492111	-0.218538
Deapoong	-17.670856	4.739258	4.554178	-9.354895	2.4720836	-5.032266	5.9428687	-3.0546756
H1	35.690002	29.964571	-4.2024317	0.08592834	-4.887537	-2.6244652	2.114403	1.9520369
H10	27.400621	20.075703	-2.1091824	1.603529	2.828759	-2.416532	-0.349822	0.6340772
H11	36.510796	30.71087	-4.193663	0.06640183	-5.0080085	-2.6640909	2.161356	2.23481
H12	14.633245	-12.834611	5.8864164	9.720421	41.27	-7.693792	-9.094844	0.15725386
H13	35.400745	29.432917	-4.192814	0.002371327	-4.894921	-2.6165218	1.8233618	2.384721
H14	36.637047	30.71092	-4.172538	0.112191744	-5.1009507	-2.5207026	2.1569574	2.3805885
H15	26.888807	7.948344	1.3745332	5.837272	22.16576	-6.463331	-4.06041	1.738779
H17	16.427517	-14.0118265	6.897269	11.124019	47.543068	-9.45022	-10.081246	0.9469696
H18	30.55049	25.568607	-3.3894134	0.055585094	-3.8881385	-1.3210225	1.2545273	0.5284155
H19	31.651562	26.789808	-3.6705713	-0.058153365	-4.3968506	-1.9031008	1.231671	1.6233675
H2	26.902145	22.639221	-2.575825	-0.30319756	-4.703341	-1.2692744	1.3901253	0.35850424
H20	32.561146	25.857794	-3.501679	0.63087803	-1.1455678	-2.7096088	1.0569818	1.7007558
H23	24.005522	4.9272566	1.7832208	6.19605	24.359251	-6.4067516	-4.5489097	1.2925744
H24	18.278639	14.509171	-1.5669976	-0.068273515	-2.5109348	0.20320778	-0.4542952	-2.4305747
H25	34.05835	28.746685	-3.7966893	-0.00244161	-4.45791	-2.3246863	2.1362648	1.7555329
H25_165	3.9023917	-4.1505136	1.1630208	-2.4788568	2.1756575	1.824829	0.3310293	-1.4670621
H25_78	20.115446	8.923405	-4.6299644	-1.6317039	-2.809966	-0.010291735	0.736169	-0.39212376
H27	33.681774	28.239887	-3.711345	-0.002128367	-4.7260785	-2.2296796	1.6721817	1.5220327
H28	29.995275	24.83833	-3.5910883	-0.1544419	-4.335017	-1.2672143	1.2917478	1.0156459
H29	18.832825	14.723816	-2.0895326	-0.37530828	-2.5802872	0.8073239	-0.024340717	-2.5222673
H3	23.709326	20.002445	-3.210505	-0.11514551	-3.3554995	-0.4780699	0.25884855	-0.85201544
H30	10.42092	6.6955976	-0.63814056	-0.34194875	-1.5686554	1.4278498	-1.0386816	-3.7994337
H31	14.94923	11.862785	-1.5074582	0.24202912	-1.9403169	0.6618551	-0.29970625	-2.623732
H33	36.148758	29.840832	-4.0606422	0.13263647	-4.8844213	-2.481503	2.173897	2.1902223
H34	34.727703	28.98044	-3.9821596	0.10498289	-4.6857963	-2.1287117	1.8714037	1.9283428
H36	19.567944	15.252649	-1.9184875	-0.06365359	-2.7372053	0.40396467	-0.49793696	-2.4303994
H37	13.676408	-15.379364	4.0223475	6.84494	2.3622863	3.5993204	5.0453553	1.7039558
H38	35.034756	29.595428	-4.0618296	-0.036205646	-4.9985313	-2.1338158	1.775584	2.0062115
H39	29.58066	24.320364	-3.4088342	-0.2860334	-3.8191206	-1.3718857	1.0977886	0.55192685
H4	20.755377	5.9801307	1.1941206	4.4905086	16.425629	-3.8236744	-3.6336172	-0.038099658
H40	28.88353	24.09995	-3.3740473	-0.10982058	-3.8558807	-0.942755	1.3117262	0.4786419
H41	17.508602	13.660215	-1.702629	-0.5963382	-2.439761	0.45238283	-0.66090715	-2.7029185
H42	13.158676	5.509505	-0.34941632	2.1287985	3.0838454	0.8380697	-2.1812592	-1.0411476
H43	15.489149	11.284156	-1.5555559	-0.08063418	-2.5571682	1.0866294	-0.12439745	-3.0003037
H44	23.388428	19.397064	-2.6912405	-0.09500716	-3.09834	-0.40009987	0.36450422	-1.2140021
H45	19.900301	15.443192	-2.1684694	-0.007118138	-3.185984	-0.24954736	-0.06475669	-2.0207896
H46	14.511119	-12.864783	6.3586965	9.704246	42.205887	-7.729961	-9.189622	0.16203742
H47	8.572388	4.604651	-0.58298194	0.25900373	-1.078012	2.0431826	-1.497239	-4.617382
H49	26.942808	22.59768	-3.099748	-0.29411945	-3.503197	-0.96124715	0.7234993	-0.5379567
H5	20.759626	-1.2798014	3.6072993	8.010267	32.57319	-7.6917534	-6.5948777	1.0745476
H50	21.270226	17.553585	-2.4247963	0.20793214	-3.0966656	-0.27596262	-0.15388931	-1.6342858
H6	16.324934	-13.827327	6.689765	10.676495	46.571064	-9.506147	-9.68126	0.81206167
H8	19.479647	-3.4330738	3.3872793	6.2543235	24.564548	-5.083608	-4.4407463	1.3438925
H9	35.735153	29.703873	-4.182289	0.4202815	-4.0544724	-2.69374	1.9067973	2.1348155
Hwangeum	10.309042	5.932822	-0.58201396	-0.001478923	-1.3835686	1.329187	-0.63112736	-3.9130473
JoseangSeori	8.36612	-8.775497	2.364015	0.4410772	1.4220527	5.616676	-1.6534657	-1.7464564
JoseangSeoriD1	17.081612	-19.166386	3.3396864	1.8338846	3.72542	7.4889565	0.41542473	5.8713717
JoseangSeoriD2	16.871511	-20.674644	4.788402	-0.3788067	5.710835	6.7334576	-0.024318494	4.11855
JoseangSeorismall	16.19956	-21.208715	13.485308	10.233007	-4.94769	-3.2341056	-3.1651914	1.7642025
KAS36022	14.3686285	-13.243116	-2.4704225	-0.08560456	6.5118275	2.4921184	-0.04440703	2.243175
PD01	19.073643	-36.70045	-30.300062	-16.093859	-4.0511227	-7.920232	4.3667793	-0.14058849
PD02	20.714746	-27.195375	-14.552546	-8.393921	-2.6506352	-0.9630816	3.3563635	8.162754
PD03	20.264025	-29.212193	-17.856403	-10.185187	-4.4256635	-2.6664717	0.81891155	2.5487375
PD04	13.002978	-20.34553	-9.104947	-5.2501	-1.8745393	1.0383645	1.5040294	2.897802
PD05	19.723003	-29.26841	-14.732113	-8.677096	-2.5611036	-0.3429303	3.199837	7.918819
PD06	13.189831	-20.812181	-9.223787	-5.769184	-1.8631471	1.0762378	1.7197789	3.05792
PD07	18.705544	-30.641935	-21.565512	-11.899116	-3.4029007	-4.3512073	3.2275515	3.7338881
PI01	19.07601	-24.001673	-19.634209	-10.727714	-4.731935	-3.2864478	-1.1292418	-0.8564886
PI02	13.343079	-26.902172	-20.612785	-11.307309	-3.6493692	-4.648231	1.591385	-2.3925612
PI03	17.580372	-36.10412	-28.990698	-15.514199	-6.07669	-8.03632	3.384745	1.0110455
PI04	18.157661	-36.387714	-29.157679	-15.659148	-5.778451	-8.172644	3.4678016	1.0200464
PI05	18.425947	-24.082613	-20.286465	-10.665397	-4.49605	-3.998899	-0.53974587	-1.5088992
PI06	17.82496	-37.440357	-30.529308	-16.68232	-4.538443	-8.711171	4.515018	-0.5971484
PI07	15.301095	-30.02617	-23.542484	-12.917654	-3.3489175	-5.442464	3.1103394	-1.7314322
Paldal	-0.9152416	-2.792992	-0.48764724	-3.419256	-1.5755357	4.9519873	-8.496683	-7.0456758
Ru4	15.249885	-21.688944	25.110666	11.075426	-19.350748	-16.481184	-18.869822	1.8579773
Wonhyun	19.126854	-28.297226	-14.166735	-8.102216	-2.4702556	-0.6024581	3.4639363	7.2648025
Wonyeul	18.859333	-19.078362	-2.2313008	-0.65531987	1.6518395	1.351746	-0.95750606	3.3148708
